  +----------------------------------------------------------------------------------+
  |                                                                                  |
  |                             FECHAMENTO DA LOTO FÁCIL                             |
  |                                                                                  |
  +----------------------------------------------------------------------------------+

Números pertencentes ao Fechamento: [ 13 ]
Números pertencentes ao Fechamento: [ 23 ]
Números pertencentes ao Fechamento: [  1   2   5   6   8   9  10  12  13  14  15  16  17  18  19  20  21  22  24  25 ]

jogo   1 = [   1    2    5    6    8    9   10   12   13   14   15   16   17   18   19 ]
jogo   2 = [   1    2    5    6    8    9   10   12   13   14   15   16   17   20   21 ]
jogo   3 = [   1    2    5    6    8    9   10   12   13   14   15   16   17   22   24 ]
jogo   4 = [   1    2    5    6    8    9   10   12   13   14   15   16   18   20   22 ]
jogo   5 = [   1    2    5    6    8    9   10   12   13   14   15   16   18   21   24 ]
jogo   6 = [   1    2    5    6    8    9   10   12   13   14   15   16   19   20   24 ]
jogo   7 = [   1    2    5    6    8    9   10   12   13   14   15   16   19   21   22 ]
jogo   8 = [   1    2    5    6    8    9   10   12   13   14   15   17   18   20   24 ]
jogo   9 = [   1    2    5    6    8    9   10   12   13   14   15   17   18   21   22 ]
jogo  10 = [   1    2    5    6    8    9   10   12   13   14   15   17   19   20   22 ]
jogo  11 = [   1    2    5    6    8    9   10   12   13   14   15   17   19   21   24 ]
jogo  12 = [   1    2    5    6    8    9   10   12   13   14   15   18   19   20   21 ]
jogo  13 = [   1    2    5    6    8    9   10   12   13   14   15   18   19   22   24 ]
jogo  14 = [   1    2    5    6    8    9   10   12   13   14   15   20   21   22   24 ]
jogo  15 = [   1    2    5    6    8    9   10   12   13   14   16   17   18   20   25 ]
jogo  16 = [   1    2    5    6    8    9   10   12   13   14   16   17   19   21   25 ]
jogo  17 = [   1    2    5    6    8    9   10   12   13   14   16   18   19   22   25 ]
jogo  18 = [   1    2    5    6    8    9   10   12   13   14   16   20   21   22   25 ]
jogo  19 = [   1    2    5    6    8    9   10   12   13   14   17   18   19   24   25 ]
jogo  20 = [   1    2    5    6    8    9   10   12   13   14   17   20   21   24   25 ]
jogo  21 = [   1    2    5    6    8    9   10   12   13   14   18   20   22   24   25 ]
jogo  22 = [   1    2    5    6    8    9   10   12   13   14   19   21   22   24   25 ]
jogo  23 = [   1    2    5    6    8    9   10   12   13   15   16   17   18   21   25 ]
jogo  24 = [   1    2    5    6    8    9   10   12   13   15   16   17   19   20   25 ]
jogo  25 = [   1    2    5    6    8    9   10   12   13   15   16   18   19   24   25 ]
jogo  26 = [   1    2    5    6    8    9   10   12   13   15   16   20   21   24   25 ]
jogo  27 = [   1    2    5    6    8    9   10   12   13   15   17   18   19   22   25 ]
jogo  28 = [   1    2    5    6    8    9   10   12   13   15   17   20   21   22   25 ]
jogo  29 = [   1    2    5    6    8    9   10   12   13   15   18   21   22   24   25 ]
jogo  30 = [   1    2    5    6    8    9   10   12   13   15   19   20   22   24   25 ]
jogo  31 = [   1    2    5    6    8    9   10   12   13   16   17   18   19   20   21 ]
jogo  32 = [   1    2    5    6    8    9   10   12   13   16   17   18   19   22   24 ]
jogo  33 = [   1    2    5    6    8    9   10   12   13   16   17   20   21   22   24 ]
jogo  34 = [   1    2    5    6    8    9   10   12   13   18   19   20   21   22   24 ]
jogo  35 = [   1    2    5    6    8    9   10   12   14   15   16   17   18   22   25 ]
jogo  36 = [   1    2    5    6    8    9   10   12   14   15   16   17   19   24   25 ]
jogo  37 = [   1    2    5    6    8    9   10   12   14   15   16   18   19   20   25 ]
jogo  38 = [   1    2    5    6    8    9   10   12   14   15   16   20   22   24   25 ]
jogo  39 = [   1    2    5    6    8    9   10   12   14   15   17   18   19   21   25 ]
jogo  40 = [   1    2    5    6    8    9   10   12   14   15   17   21   22   24   25 ]
jogo  41 = [   1    2    5    6    8    9   10   12   14   15   18   20   21   22   25 ]
jogo  42 = [   1    2    5    6    8    9   10   12   14   15   19   20   21   24   25 ]
jogo  43 = [   1    2    5    6    8    9   10   12   14   16   17   18   19   20   22 ]
jogo  44 = [   1    2    5    6    8    9   10   12   14   16   17   18   19   21   24 ]
jogo  45 = [   1    2    5    6    8    9   10   12   14   16   18   20   21   22   24 ]
jogo  46 = [   1    2    5    6    8    9   10   12   14   17   19   20   21   22   24 ]
jogo  47 = [   1    2    5    6    8    9   10   12   15   16   17   18   19   20   24 ]
jogo  48 = [   1    2    5    6    8    9   10   12   15   16   17   18   19   21   22 ]
jogo  49 = [   1    2    5    6    8    9   10   12   15   16   19   20   21   22   24 ]
jogo  50 = [   1    2    5    6    8    9   10   12   15   17   18   20   21   22   24 ]
jogo  51 = [   1    2    5    6    8    9   10   12   16   17   18   20   21   22   25 ]
jogo  52 = [   1    2    5    6    8    9   10   12   16   17   19   20   21   24   25 ]
jogo  53 = [   1    2    5    6    8    9   10   12   16   18   19   20   22   24   25 ]
jogo  54 = [   1    2    5    6    8    9   10   12   17   18   19   21   22   24   25 ]
jogo  55 = [   1    2    5    6    8    9   10   13   14   15   16   17   18   24   25 ]
jogo  56 = [   1    2    5    6    8    9   10   13   14   15   16   17   19   22   25 ]
jogo  57 = [   1    2    5    6    8    9   10   13   14   15   16   18   19   21   25 ]
jogo  58 = [   1    2    5    6    8    9   10   13   14   15   16   21   22   24   25 ]
jogo  59 = [   1    2    5    6    8    9   10   13   14   15   17   18   19   20   25 ]
jogo  60 = [   1    2    5    6    8    9   10   13   14   15   17   20   22   24   25 ]
jogo  61 = [   1    2    5    6    8    9   10   13   14   15   18   20   21   24   25 ]
jogo  62 = [   1    2    5    6    8    9   10   13   14   15   19   20   21   22   25 ]
jogo  63 = [   1    2    5    6    8    9   10   13   14   16   17   18   19   20   24 ]
jogo  64 = [   1    2    5    6    8    9   10   13   14   16   17   18   19   21   22 ]
jogo  65 = [   1    2    5    6    8    9   10   13   14   16   19   20   21   22   24 ]
jogo  66 = [   1    2    5    6    8    9   10   13   14   17   18   20   21   22   24 ]
jogo  67 = [   1    2    5    6    8    9   10   13   15   16   17   18   19   20   22 ]
jogo  68 = [   1    2    5    6    8    9   10   13   15   16   17   18   19   21   24 ]
jogo  69 = [   1    2    5    6    8    9   10   13   15   16   18   20   21   22   24 ]
jogo  70 = [   1    2    5    6    8    9   10   13   15   17   19   20   21   22   24 ]
jogo  71 = [   1    2    5    6    8    9   10   13   16   17   18   20   21   24   25 ]
jogo  72 = [   1    2    5    6    8    9   10   13   16   17   19   20   21   22   25 ]
jogo  73 = [   1    2    5    6    8    9   10   13   16   18   19   21   22   24   25 ]
jogo  74 = [   1    2    5    6    8    9   10   13   17   18   19   20   22   24   25 ]
jogo  75 = [   1    2    5    6    8    9   10   14   15   16   17   18   19   20   21 ]
jogo  76 = [   1    2    5    6    8    9   10   14   15   16   17   18   19   22   24 ]
jogo  77 = [   1    2    5    6    8    9   10   14   15   16   17   20   21   22   24 ]
jogo  78 = [   1    2    5    6    8    9   10   14   15   18   19   20   21   22   24 ]
jogo  79 = [   1    2    5    6    8    9   10   14   16   17   18   20   22   24   25 ]
jogo  80 = [   1    2    5    6    8    9   10   14   16   17   19   21   22   24   25 ]
jogo  81 = [   1    2    5    6    8    9   10   14   16   18   19   20   21   22   25 ]
jogo  82 = [   1    2    5    6    8    9   10   14   17   18   19   20   21   24   25 ]
jogo  83 = [   1    2    5    6    8    9   10   15   16   17   18   21   22   24   25 ]
jogo  84 = [   1    2    5    6    8    9   10   15   16   17   19   20   22   24   25 ]
jogo  85 = [   1    2    5    6    8    9   10   15   16   18   19   20   21   24   25 ]
jogo  86 = [   1    2    5    6    8    9   10   15   17   18   19   20   21   22   25 ]
jogo  87 = [   1    2    5    6    8    9   10   16   17   18   19   20   21   22   24 ]
jogo  88 = [   1    2    5    6    8    9   12   13   14   15   16   17   20   22   25 ]
jogo  89 = [   1    2    5    6    8    9   12   13   14   15   16   17   21   24   25 ]
jogo  90 = [   1    2    5    6    8    9   12   13   14   15   16   18   20   21   25 ]
jogo  91 = [   1    2    5    6    8    9   12   13   14   15   16   18   22   24   25 ]
jogo  92 = [   1    2    5    6    8    9   12   13   14   15   17   19   20   21   25 ]
jogo  93 = [   1    2    5    6    8    9   12   13   14   15   17   19   22   24   25 ]
jogo  94 = [   1    2    5    6    8    9   12   13   14   15   18   19   20   22   25 ]
jogo  95 = [   1    2    5    6    8    9   12   13   14   15   18   19   21   24   25 ]
jogo  96 = [   1    2    5    6    8    9   12   13   14   16   17   18   20   21   22 ]
jogo  97 = [   1    2    5    6    8    9   12   13   14   16   17   19   20   21   24 ]
jogo  98 = [   1    2    5    6    8    9   12   13   14   16   18   19   20   22   24 ]
jogo  99 = [   1    2    5    6    8    9   12   13   14   17   18   19   21   22   24 ]
jogo 100 = [   1    2    5    6    8    9   12   13   15   16   17   18   20   21   24 ]
jogo 101 = [   1    2    5    6    8    9   12   13   15   16   17   19   20   21   22 ]
jogo 102 = [   1    2    5    6    8    9   12   13   15   16   18   19   21   22   24 ]
jogo 103 = [   1    2    5    6    8    9   12   13   15   17   18   19   20   22   24 ]
jogo 104 = [   1    2    5    6    8    9   12   13   16   17   18   19   20   22   25 ]
jogo 105 = [   1    2    5    6    8    9   12   13   16   17   18   19   21   24   25 ]
jogo 106 = [   1    2    5    6    8    9   12   13   16   18   20   21   22   24   25 ]
jogo 107 = [   1    2    5    6    8    9   12   13   17   19   20   21   22   24   25 ]
jogo 108 = [   1    2    5    6    8    9   12   14   15   16   17   18   20   22   24 ]
jogo 109 = [   1    2    5    6    8    9   12   14   15   16   17   19   21   22   24 ]
jogo 110 = [   1    2    5    6    8    9   12   14   15   16   18   19   20   21   22 ]
jogo 111 = [   1    2    5    6    8    9   12   14   15   17   18   19   20   21   24 ]
jogo 112 = [   1    2    5    6    8    9   12   14   16   17   18   19   20   21   25 ]
jogo 113 = [   1    2    5    6    8    9   12   14   16   17   18   19   22   24   25 ]
jogo 114 = [   1    2    5    6    8    9   12   14   16   17   20   21   22   24   25 ]
jogo 115 = [   1    2    5    6    8    9   12   14   18   19   20   21   22   24   25 ]
jogo 116 = [   1    2    5    6    8    9   13   14   15   16   17   18   21   22   24 ]
jogo 117 = [   1    2    5    6    8    9   13   14   15   16   17   19   20   22   24 ]
jogo 118 = [   1    2    5    6    8    9   13   14   15   16   18   19   20   21   24 ]
jogo 119 = [   1    2    5    6    8    9   13   14   15   17   18   19   20   21   22 ]
jogo 120 = [   1    2    5    6    8    9   13   15   16   17   18   19   20   21   25 ]
jogo 121 = [   1    2    5    6    8    9   13   15   16   17   18   19   22   24   25 ]
jogo 122 = [   1    2    5    6    8    9   13   15   16   17   20   21   22   24   25 ]
jogo 123 = [   1    2    5    6    8    9   13   15   18   19   20   21   22   24   25 ]
jogo 124 = [   1    2    5    6    8    9   14   15   16   17   18   19   20   22   25 ]
jogo 125 = [   1    2    5    6    8    9   14   15   16   17   18   19   21   24   25 ]
jogo 126 = [   1    2    5    6    8    9   14   15   16   18   20   21   22   24   25 ]
jogo 127 = [   1    2    5    6    8    9   14   15   17   19   20   21   22   24   25 ]
jogo 128 = [   1    2    5    6    8   10   12   13   14   15   16   17   20   24   25 ]
jogo 129 = [   1    2    5    6    8   10   12   13   14   15   16   17   21   22   25 ]
jogo 130 = [   1    2    5    6    8   10   12   13   14   15   16   19   20   21   25 ]
jogo 131 = [   1    2    5    6    8   10   12   13   14   15   16   19   22   24   25 ]
jogo 132 = [   1    2    5    6    8   10   12   13   14   15   17   18   20   21   25 ]
jogo 133 = [   1    2    5    6    8   10   12   13   14   15   17   18   22   24   25 ]
jogo 134 = [   1    2    5    6    8   10   12   13   14   15   18   19   20   24   25 ]
jogo 135 = [   1    2    5    6    8   10   12   13   14   15   18   19   21   22   25 ]
jogo 136 = [   1    2    5    6    8   10   12   13   14   16   17   18   20   21   24 ]
jogo 137 = [   1    2    5    6    8   10   12   13   14   16   17   19   20   21   22 ]
jogo 138 = [   1    2    5    6    8   10   12   13   14   16   18   19   21   22   24 ]
jogo 139 = [   1    2    5    6    8   10   12   13   14   17   18   19   20   22   24 ]
jogo 140 = [   1    2    5    6    8   10   12   13   15   16   17   18   20   21   22 ]
jogo 141 = [   1    2    5    6    8   10   12   13   15   16   17   19   20   21   24 ]
jogo 142 = [   1    2    5    6    8   10   12   13   15   16   18   19   20   22   24 ]
jogo 143 = [   1    2    5    6    8   10   12   13   15   17   18   19   21   22   24 ]
jogo 144 = [   1    2    5    6    8   10   12   13   16   17   18   19   20   24   25 ]
jogo 145 = [   1    2    5    6    8   10   12   13   16   17   18   19   21   22   25 ]
jogo 146 = [   1    2    5    6    8   10   12   13   16   19   20   21   22   24   25 ]
jogo 147 = [   1    2    5    6    8   10   12   13   17   18   20   21   22   24   25 ]
jogo 148 = [   1    2    5    6    8   10   12   14   15   16   17   18   21   22   24 ]
jogo 149 = [   1    2    5    6    8   10   12   14   15   16   17   19   20   22   24 ]
jogo 150 = [   1    2    5    6    8   10   12   14   15   16   18   19   20   21   24 ]
jogo 151 = [   1    2    5    6    8   10   12   14   15   17   18   19   20   21   22 ]
jogo 152 = [   1    2    5    6    8   10   12   15   16   17   18   19   20   21   25 ]
jogo 153 = [   1    2    5    6    8   10   12   15   16   17   18   19   22   24   25 ]
jogo 154 = [   1    2    5    6    8   10   12   15   16   17   20   21   22   24   25 ]
jogo 155 = [   1    2    5    6    8   10   12   15   18   19   20   21   22   24   25 ]
jogo 156 = [   1    2    5    6    8   10   13   14   15   16   17   18   20   22   24 ]
jogo 157 = [   1    2    5    6    8   10   13   14   15   16   17   19   21   22   24 ]
jogo 158 = [   1    2    5    6    8   10   13   14   15   16   18   19   20   21   22 ]
jogo 159 = [   1    2    5    6    8   10   13   14   15   17   18   19   20   21   24 ]
jogo 160 = [   1    2    5    6    8   10   13   14   16   17   18   19   20   21   25 ]
jogo 161 = [   1    2    5    6    8   10   13   14   16   17   18   19   22   24   25 ]
jogo 162 = [   1    2    5    6    8   10   13   14   16   17   20   21   22   24   25 ]
jogo 163 = [   1    2    5    6    8   10   13   14   18   19   20   21   22   24   25 ]
jogo 164 = [   1    2    5    6    8   10   14   15   16   17   18   19   20   24   25 ]
jogo 165 = [   1    2    5    6    8   10   14   15   16   17   18   19   21   22   25 ]
jogo 166 = [   1    2    5    6    8   10   14   15   16   19   20   21   22   24   25 ]
jogo 167 = [   1    2    5    6    8   10   14   15   17   18   20   21   22   24   25 ]
jogo 168 = [   1    2    5    6    8   12   13   14   15   16   17   18   19   20   21 ]
jogo 169 = [   1    2    5    6    8   12   13   14   15   16   17   18   19   22   24 ]
jogo 170 = [   1    2    5    6    8   12   13   14   15   16   17   20   21   22   24 ]
jogo 171 = [   1    2    5    6    8   12   13   14   15   18   19   20   21   22   24 ]
jogo 172 = [   1    2    5    6    8   12   13   14   16   17   18   20   22   24   25 ]
jogo 173 = [   1    2    5    6    8   12   13   14   16   17   19   21   22   24   25 ]
jogo 174 = [   1    2    5    6    8   12   13   14   16   18   19   20   21   22   25 ]
jogo 175 = [   1    2    5    6    8   12   13   14   17   18   19   20   21   24   25 ]
jogo 176 = [   1    2    5    6    8   12   13   15   16   17   18   21   22   24   25 ]
jogo 177 = [   1    2    5    6    8   12   13   15   16   17   19   20   22   24   25 ]
jogo 178 = [   1    2    5    6    8   12   13   15   16   18   19   20   21   24   25 ]
jogo 179 = [   1    2    5    6    8   12   13   15   17   18   19   20   21   22   25 ]
jogo 180 = [   1    2    5    6    8   12   13   16   17   18   19   20   21   22   24 ]
jogo 181 = [   1    2    5    6    8   12   14   15   16   17   18   20   21   22   25 ]
jogo 182 = [   1    2    5    6    8   12   14   15   16   17   19   20   21   24   25 ]
jogo 183 = [   1    2    5    6    8   12   14   15   16   18   19   20   22   24   25 ]
jogo 184 = [   1    2    5    6    8   12   14   15   17   18   19   21   22   24   25 ]
jogo 185 = [   1    2    5    6    8   13   14   15   16   17   18   20   21   24   25 ]
jogo 186 = [   1    2    5    6    8   13   14   15   16   17   19   20   21   22   25 ]
jogo 187 = [   1    2    5    6    8   13   14   15   16   18   19   21   22   24   25 ]
jogo 188 = [   1    2    5    6    8   13   14   15   17   18   19   20   22   24   25 ]
jogo 189 = [   1    2    5    6    8   14   15   16   17   18   19   20   21   22   24 ]
jogo 190 = [   1    2    5    6    9   10   12   13   14   15   16   18   20   24   25 ]
jogo 191 = [   1    2    5    6    9   10   12   13   14   15   16   18   21   22   25 ]
jogo 192 = [   1    2    5    6    9   10   12   13   14   15   16   19   20   22   25 ]
jogo 193 = [   1    2    5    6    9   10   12   13   14   15   16   19   21   24   25 ]
jogo 194 = [   1    2    5    6    9   10   12   13   14   15   17   18   20   22   25 ]
jogo 195 = [   1    2    5    6    9   10   12   13   14   15   17   18   21   24   25 ]
jogo 196 = [   1    2    5    6    9   10   12   13   14   15   17   19   20   24   25 ]
jogo 197 = [   1    2    5    6    9   10   12   13   14   15   17   19   21   22   25 ]
jogo 198 = [   1    2    5    6    9   10   12   13   14   16   17   18   20   22   24 ]
jogo 199 = [   1    2    5    6    9   10   12   13   14   16   17   19   21   22   24 ]
jogo 200 = [   1    2    5    6    9   10   12   13   14   16   18   19   20   21   22 ]
jogo 201 = [   1    2    5    6    9   10   12   13   14   17   18   19   20   21   24 ]
jogo 202 = [   1    2    5    6    9   10   12   13   15   16   17   18   21   22   24 ]
jogo 203 = [   1    2    5    6    9   10   12   13   15   16   17   19   20   22   24 ]
jogo 204 = [   1    2    5    6    9   10   12   13   15   16   18   19   20   21   24 ]
jogo 205 = [   1    2    5    6    9   10   12   13   15   17   18   19   20   21   22 ]
jogo 206 = [   1    2    5    6    9   10   12   14   15   16   17   18   20   21   22 ]
jogo 207 = [   1    2    5    6    9   10   12   14   15   16   17   19   20   21   24 ]
jogo 208 = [   1    2    5    6    9   10   12   14   15   16   18   19   20   22   24 ]
jogo 209 = [   1    2    5    6    9   10   12   14   15   17   18   19   21   22   24 ]
jogo 210 = [   1    2    5    6    9   10   12   14   16   17   18   19   20   24   25 ]
jogo 211 = [   1    2    5    6    9   10   12   14   16   17   18   19   21   22   25 ]
jogo 212 = [   1    2    5    6    9   10   12   14   16   19   20   21   22   24   25 ]
jogo 213 = [   1    2    5    6    9   10   12   14   17   18   20   21   22   24   25 ]
jogo 214 = [   1    2    5    6    9   10   12   15   16   17   18   19   20   22   25 ]
jogo 215 = [   1    2    5    6    9   10   12   15   16   17   18   19   21   24   25 ]
jogo 216 = [   1    2    5    6    9   10   12   15   16   18   20   21   22   24   25 ]
jogo 217 = [   1    2    5    6    9   10   12   15   17   19   20   21   22   24   25 ]
jogo 218 = [   1    2    5    6    9   10   13   14   15   16   17   18   20   21   24 ]
jogo 219 = [   1    2    5    6    9   10   13   14   15   16   17   19   20   21   22 ]
jogo 220 = [   1    2    5    6    9   10   13   14   15   16   18   19   21   22   24 ]
jogo 221 = [   1    2    5    6    9   10   13   14   15   17   18   19   20   22   24 ]
jogo 222 = [   1    2    5    6    9   10   13   14   16   17   18   19   20   22   25 ]
jogo 223 = [   1    2    5    6    9   10   13   14   16   17   18   19   21   24   25 ]
jogo 224 = [   1    2    5    6    9   10   13   14   16   18   20   21   22   24   25 ]
jogo 225 = [   1    2    5    6    9   10   13   14   17   19   20   21   22   24   25 ]
jogo 226 = [   1    2    5    6    9   10   13   15   16   17   18   19   20   24   25 ]
jogo 227 = [   1    2    5    6    9   10   13   15   16   17   18   19   21   22   25 ]
jogo 228 = [   1    2    5    6    9   10   13   15   16   19   20   21   22   24   25 ]
jogo 229 = [   1    2    5    6    9   10   13   15   17   18   20   21   22   24   25 ]
jogo 230 = [   1    2    5    6    9   12   13   14   15   16   17   18   19   20   22 ]
jogo 231 = [   1    2    5    6    9   12   13   14   15   16   17   18   19   21   24 ]
jogo 232 = [   1    2    5    6    9   12   13   14   15   16   18   20   21   22   24 ]
jogo 233 = [   1    2    5    6    9   12   13   14   15   17   19   20   21   22   24 ]
jogo 234 = [   1    2    5    6    9   12   13   14   16   17   18   20   21   24   25 ]
jogo 235 = [   1    2    5    6    9   12   13   14   16   17   19   20   21   22   25 ]
jogo 236 = [   1    2    5    6    9   12   13   14   16   18   19   21   22   24   25 ]
jogo 237 = [   1    2    5    6    9   12   13   14   17   18   19   20   22   24   25 ]
jogo 238 = [   1    2    5    6    9   12   13   15   16   17   18   20   21   22   25 ]
jogo 239 = [   1    2    5    6    9   12   13   15   16   17   19   20   21   24   25 ]
jogo 240 = [   1    2    5    6    9   12   13   15   16   18   19   20   22   24   25 ]
jogo 241 = [   1    2    5    6    9   12   13   15   17   18   19   21   22   24   25 ]
jogo 242 = [   1    2    5    6    9   12   14   15   16   17   18   21   22   24   25 ]
jogo 243 = [   1    2    5    6    9   12   14   15   16   17   19   20   22   24   25 ]
jogo 244 = [   1    2    5    6    9   12   14   15   16   18   19   20   21   24   25 ]
jogo 245 = [   1    2    5    6    9   12   14   15   17   18   19   20   21   22   25 ]
jogo 246 = [   1    2    5    6    9   12   14   16   17   18   19   20   21   22   24 ]
jogo 247 = [   1    2    5    6    9   13   14   15   16   17   18   20   22   24   25 ]
jogo 248 = [   1    2    5    6    9   13   14   15   16   17   19   21   22   24   25 ]
jogo 249 = [   1    2    5    6    9   13   14   15   16   18   19   20   21   22   25 ]
jogo 250 = [   1    2    5    6    9   13   14   15   17   18   19   20   21   24   25 ]
jogo 251 = [   1    2    5    6    9   13   15   16   17   18   19   20   21   22   24 ]
jogo 252 = [   1    2    5    6   10   12   13   14   15   16   17   18   19   20   24 ]
jogo 253 = [   1    2    5    6   10   12   13   14   15   16   17   18   19   21   22 ]
jogo 254 = [   1    2    5    6   10   12   13   14   15   16   19   20   21   22   24 ]
jogo 255 = [   1    2    5    6   10   12   13   14   15   17   18   20   21   22   24 ]
jogo 256 = [   1    2    5    6   10   12   13   14   16   17   18   20   21   22   25 ]
jogo 257 = [   1    2    5    6   10   12   13   14   16   17   19   20   21   24   25 ]
jogo 258 = [   1    2    5    6   10   12   13   14   16   18   19   20   22   24   25 ]
jogo 259 = [   1    2    5    6   10   12   13   14   17   18   19   21   22   24   25 ]
jogo 260 = [   1    2    5    6   10   12   13   15   16   17   18   20   21   24   25 ]
jogo 261 = [   1    2    5    6   10   12   13   15   16   17   19   20   21   22   25 ]
jogo 262 = [   1    2    5    6   10   12   13   15   16   18   19   21   22   24   25 ]
jogo 263 = [   1    2    5    6   10   12   13   15   17   18   19   20   22   24   25 ]
jogo 264 = [   1    2    5    6   10   12   14   15   16   17   18   20   22   24   25 ]
jogo 265 = [   1    2    5    6   10   12   14   15   16   17   19   21   22   24   25 ]
jogo 266 = [   1    2    5    6   10   12   14   15   16   18   19   20   21   22   25 ]
jogo 267 = [   1    2    5    6   10   12   14   15   17   18   19   20   21   24   25 ]
jogo 268 = [   1    2    5    6   10   12   15   16   17   18   19   20   21   22   24 ]
jogo 269 = [   1    2    5    6   10   13   14   15   16   17   18   21   22   24   25 ]
jogo 270 = [   1    2    5    6   10   13   14   15   16   17   19   20   22   24   25 ]
jogo 271 = [   1    2    5    6   10   13   14   15   16   18   19   20   21   24   25 ]
jogo 272 = [   1    2    5    6   10   13   14   15   17   18   19   20   21   22   25 ]
jogo 273 = [   1    2    5    6   10   13   14   16   17   18   19   20   21   22   24 ]
jogo 274 = [   1    2    5    8    9   10   12   13   14   16   17   18   21   22   24 ]
jogo 275 = [   1    2    5    8    9   10   12   13   14   16   17   19   20   22   24 ]
jogo 276 = [   1    2    5    8    9   10   12   13   14   16   18   19   20   21   24 ]
jogo 277 = [   1    2    5    8    9   10   12   13   14   17   18   19   20   21   22 ]
jogo 278 = [   1    2    5    8    9   10   12   13   15   16   17   18   20   22   24 ]
jogo 279 = [   1    2    5    8    9   10   12   13   15   16   17   19   21   22   24 ]
jogo 280 = [   1    2    5    8    9   10   12   13   15   16   18   19   20   21   22 ]
jogo 281 = [   1    2    5    8    9   10   12   13   15   17   18   19   20   21   24 ]
jogo 282 = [   1    2    5    8    9   10   12   14   15   16   17   18   20   21   24 ]
jogo 283 = [   1    2    5    8    9   10   12   14   15   16   17   19   20   21   22 ]
jogo 284 = [   1    2    5    8    9   10   12   14   15   16   18   19   21   22   24 ]
jogo 285 = [   1    2    5    8    9   10   12   14   15   17   18   19   20   22   24 ]
jogo 286 = [   1    2    5    8    9   10   13   14   15   16   17   18   20   21   22 ]
jogo 287 = [   1    2    5    8    9   10   13   14   15   16   17   19   20   21   24 ]
jogo 288 = [   1    2    5    8    9   10   13   14   15   16   18   19   20   22   24 ]
jogo 289 = [   1    2    5    8    9   10   13   14   15   17   18   19   21   22   24 ]
jogo 290 = [   1    2    5    8    9   12   13   14   15   16   17   18   19   20   24 ]
jogo 291 = [   1    2    5    8    9   12   13   14   15   16   17   18   19   21   22 ]
jogo 292 = [   1    2    5    8    9   12   13   14   15   16   19   20   21   22   24 ]
jogo 293 = [   1    2    5    8    9   12   13   14   15   17   18   20   21   22   24 ]
jogo 294 = [   1    2    5    8    9   12   15   16   17   18   19   20   21   22   24 ]
jogo 295 = [   1    2    5    8    9   13   14   16   17   18   19   20   21   22   24 ]
jogo 296 = [   1    2    5    8   10   12   13   14   15   16   17   18   19   20   22 ]
jogo 297 = [   1    2    5    8   10   12   13   14   15   16   17   18   19   21   24 ]
jogo 298 = [   1    2    5    8   10   12   13   14   15   16   18   20   21   22   24 ]
jogo 299 = [   1    2    5    8   10   12   13   14   15   17   19   20   21   22   24 ]
jogo 300 = [   1    2    5    8   10   12   14   16   17   18   19   20   21   22   24 ]
jogo 301 = [   1    2    5    8   10   13   15   16   17   18   19   20   21   22   24 ]
jogo 302 = [   1    2    5    9   10   12   13   14   15   16   17   18   19   20   21 ]
jogo 303 = [   1    2    5    9   10   12   13   14   15   16   17   18   19   22   24 ]
jogo 304 = [   1    2    5    9   10   12   13   14   15   16   17   20   21   22   24 ]
jogo 305 = [   1    2    5    9   10   12   13   14   15   18   19   20   21   22   24 ]
jogo 306 = [   1    2    5    9   10   12   13   16   17   18   19   20   21   22   24 ]
jogo 307 = [   1    2    5    9   10   14   15   16   17   18   19   20   21   22   24 ]
jogo 308 = [   1    2    5   12   13   14   15   16   17   18   19   20   21   22   24 ]
jogo 309 = [   1    2    6    8    9   10   12   13   14   16   17   18   21   22   25 ]
jogo 310 = [   1    2    6    8    9   10   12   13   14   16   17   19   20   22   25 ]
jogo 311 = [   1    2    6    8    9   10   12   13   14   16   18   19   20   21   25 ]
jogo 312 = [   1    2    6    8    9   10   12   13   15   16   17   18   20   22   25 ]
jogo 313 = [   1    2    6    8    9   10   12   13   15   16   17   19   21   22   25 ]
jogo 314 = [   1    2    6    8    9   10   12   13   15   17   18   19   20   21   25 ]
jogo 315 = [   1    2    6    8    9   10   12   14   15   16   17   18   20   21   25 ]
jogo 316 = [   1    2    6    8    9   10   12   14   15   16   18   19   21   22   25 ]
jogo 317 = [   1    2    6    8    9   10   12   14   15   17   18   19   20   22   25 ]
jogo 318 = [   1    2    6    8    9   10   13   14   15   16   17   19   20   21   25 ]
jogo 319 = [   1    2    6    8    9   10   13   14   15   16   18   19   20   22   25 ]
jogo 320 = [   1    2    6    8    9   10   13   14   15   17   18   19   21   22   25 ]
jogo 321 = [   1    2    6    8    9   12   13   14   15   16   17   18   19   20   25 ]
jogo 322 = [   1    2    6    8    9   12   13   14   15   16   19   20   21   22   25 ]
jogo 323 = [   1    2    6    8    9   12   13   14   15   17   18   20   21   22   25 ]
jogo 324 = [   1    2    6    8    9   12   15   16   17   18   19   20   21   22   25 ]
jogo 325 = [   1    2    6    8    9   13   14   16   17   18   19   20   21   22   25 ]
jogo 326 = [   1    2    6    8   10   12   13   14   15   16   17   18   19   21   25 ]
jogo 327 = [   1    2    6    8   10   12   13   14   15   16   18   20   21   22   25 ]
jogo 328 = [   1    2    6    8   10   12   13   14   15   17   19   20   21   22   25 ]
jogo 329 = [   1    2    6    8   10   12   14   16   17   18   19   20   21   22   25 ]
jogo 330 = [   1    2    6    8   10   13   15   16   17   18   19   20   21   22   25 ]
jogo 331 = [   1    2    6    9   10   12   13   14   15   16   17   18   19   22   25 ]
jogo 332 = [   1    2    6    9   10   12   13   14   15   16   17   20   21   22   25 ]
jogo 333 = [   1    2    6    9   10   12   13   14   15   18   19   20   21   22   25 ]
jogo 334 = [   1    2    6    9   10   12   13   16   17   18   19   20   21   22   25 ]
jogo 335 = [   1    2    6    9   10   14   15   16   17   18   19   20   21   22   25 ]
jogo 336 = [   1    2    6   12   13   14   15   16   17   18   19   20   21   22   25 ]
jogo 337 = [   1    2    8    9   10   12   13   14   15   16   17   18   19   24   25 ]
jogo 338 = [   1    2    8    9   10   12   13   14   15   16   17   20   21   24   25 ]
jogo 339 = [   1    2    8    9   10   12   13   14   15   16   18   20   22   24   25 ]
jogo 340 = [   1    2    8    9   10   12   13   14   15   16   19   21   22   24   25 ]
jogo 341 = [   1    2    8    9   10   12   13   14   15   17   18   21   22   24   25 ]
jogo 342 = [   1    2    8    9   10   12   13   14   15   17   19   20   22   24   25 ]
jogo 343 = [   1    2    8    9   10   12   13   14   15   18   19   20   21   24   25 ]
jogo 344 = [   1    2    8    9   10   12   13   16   17   18   19   20   21   24   25 ]
jogo 345 = [   1    2    8    9   10   12   14   16   17   18   19   20   22   24   25 ]
jogo 346 = [   1    2    8    9   10   12   15   16   17   18   19   21   22   24   25 ]
jogo 347 = [   1    2    8    9   10   13   14   16   17   18   19   21   22   24   25 ]
jogo 348 = [   1    2    8    9   10   13   15   16   17   18   19   20   22   24   25 ]
jogo 349 = [   1    2    8    9   10   14   15   16   17   18   19   20   21   24   25 ]
jogo 350 = [   1    2    8    9   12   13   14   16   17   18   20   21   22   24   25 ]
jogo 351 = [   1    2    8    9   12   13   15   16   17   19   20   21   22   24   25 ]
jogo 352 = [   1    2    8    9   12   14   15   16   18   19   20   21   22   24   25 ]
jogo 353 = [   1    2    8    9   13   14   15   17   18   19   20   21   22   24   25 ]
jogo 354 = [   1    2    8   10   12   13   14   16   17   19   20   21   22   24   25 ]
jogo 355 = [   1    2    8   10   12   13   15   16   17   18   20   21   22   24   25 ]
jogo 356 = [   1    2    8   10   12   14   15   17   18   19   20   21   22   24   25 ]
jogo 357 = [   1    2    8   10   13   14   15   16   18   19   20   21   22   24   25 ]
jogo 358 = [   1    2    8   12   13   14   15   16   17   18   19   20   21   24   25 ]
jogo 359 = [   1    2    9   10   12   13   14   16   18   19   20   21   22   24   25 ]
jogo 360 = [   1    2    9   10   12   13   15   17   18   19   20   21   22   24   25 ]
jogo 361 = [   1    2    9   10   12   14   15   16   17   18   20   21   22   24   25 ]
jogo 362 = [   1    2    9   10   13   14   15   16   17   19   20   21   22   24   25 ]
jogo 363 = [   1    2    9   12   13   14   15   16   17   18   19   20   22   24   25 ]
jogo 364 = [   1    2   10   12   13   14   15   16   17   18   19   21   22   24   25 ]
jogo 365 = [   1    5    6    8    9   10   12   13   14   16   17   18   21   24   25 ]
jogo 366 = [   1    5    6    8    9   10   12   13   14   16   17   19   20   24   25 ]
jogo 367 = [   1    5    6    8    9   10   12   13   14   17   18   19   20   21   25 ]
jogo 368 = [   1    5    6    8    9   10   12   13   15   16   17   18   20   24   25 ]
jogo 369 = [   1    5    6    8    9   10   12   13   15   16   17   19   21   24   25 ]
jogo 370 = [   1    5    6    8    9   10   12   13   15   16   18   19   20   21   25 ]
jogo 371 = [   1    5    6    8    9   10   12   14   15   16   17   19   20   21   25 ]
jogo 372 = [   1    5    6    8    9   10   12   14   15   16   18   19   21   24   25 ]
jogo 373 = [   1    5    6    8    9   10   12   14   15   17   18   19   20   24   25 ]
jogo 374 = [   1    5    6    8    9   10   13   14   15   16   17   18   20   21   25 ]
jogo 375 = [   1    5    6    8    9   10   13   14   15   16   18   19   20   24   25 ]
jogo 376 = [   1    5    6    8    9   10   13   14   15   17   18   19   21   24   25 ]
jogo 377 = [   1    5    6    8    9   12   13   14   15   16   17   18   19   21   25 ]
jogo 378 = [   1    5    6    8    9   12   13   14   15   16   19   20   21   24   25 ]
jogo 379 = [   1    5    6    8    9   12   13   14   15   17   18   20   21   24   25 ]
jogo 380 = [   1    5    6    8    9   12   15   16   17   18   19   20   21   24   25 ]
jogo 381 = [   1    5    6    8    9   13   14   16   17   18   19   20   21   24   25 ]
jogo 382 = [   1    5    6    8   10   12   13   14   15   16   17   18   19   20   25 ]
jogo 383 = [   1    5    6    8   10   12   13   14   15   16   18   20   21   24   25 ]
jogo 384 = [   1    5    6    8   10   12   13   14   15   17   19   20   21   24   25 ]
jogo 385 = [   1    5    6    8   10   12   14   16   17   18   19   20   21   24   25 ]
jogo 386 = [   1    5    6    8   10   13   15   16   17   18   19   20   21   24   25 ]
jogo 387 = [   1    5    6    9   10   12   13   14   15   16   17   18   19   24   25 ]
jogo 388 = [   1    5    6    9   10   12   13   14   15   16   17   20   21   24   25 ]
jogo 389 = [   1    5    6    9   10   12   13   14   15   18   19   20   21   24   25 ]
jogo 390 = [   1    5    6    9   10   12   13   16   17   18   19   20   21   24   25 ]
jogo 391 = [   1    5    6    9   10   14   15   16   17   18   19   20   21   24   25 ]
jogo 392 = [   1    5    6   12   13   14   15   16   17   18   19   20   21   24   25 ]
jogo 393 = [   1    5    8    9   10   12   13   14   15   16   17   18   19   22   25 ]
jogo 394 = [   1    5    8    9   10   12   13   14   15   16   17   20   21   22   25 ]
jogo 395 = [   1    5    8    9   10   12   13   14   15   16   18   21   22   24   25 ]
jogo 396 = [   1    5    8    9   10   12   13   14   15   16   19   20   22   24   25 ]
jogo 397 = [   1    5    8    9   10   12   13   14   15   17   18   20   22   24   25 ]
jogo 398 = [   1    5    8    9   10   12   13   14   15   17   19   21   22   24   25 ]
jogo 399 = [   1    5    8    9   10   12   13   14   15   18   19   20   21   22   25 ]
jogo 400 = [   1    5    8    9   10   12   13   16   17   18   19   20   21   22   25 ]
jogo 401 = [   1    5    8    9   10   12   14   16   17   18   19   21   22   24   25 ]
jogo 402 = [   1    5    8    9   10   12   15   16   17   18   19   20   22   24   25 ]
jogo 403 = [   1    5    8    9   10   13   14   16   17   18   19   20   22   24   25 ]
jogo 404 = [   1    5    8    9   10   13   15   16   17   18   19   21   22   24   25 ]
jogo 405 = [   1    5    8    9   10   14   15   16   17   18   19   20   21   22   25 ]
jogo 406 = [   1    5    8    9   12   13   14   16   17   19   20   21   22   24   25 ]
jogo 407 = [   1    5    8    9   12   13   15   16   17   18   20   21   22   24   25 ]
jogo 408 = [   1    5    8    9   12   14   15   17   18   19   20   21   22   24   25 ]
jogo 409 = [   1    5    8    9   13   14   15   16   18   19   20   21   22   24   25 ]
jogo 410 = [   1    5    8   10   12   13   14   16   17   18   20   21   22   24   25 ]
jogo 411 = [   1    5    8   10   12   13   15   16   17   19   20   21   22   24   25 ]
jogo 412 = [   1    5    8   10   12   14   15   16   18   19   20   21   22   24   25 ]
jogo 413 = [   1    5    8   10   13   14   15   17   18   19   20   21   22   24   25 ]
jogo 414 = [   1    5    8   12   13   14   15   16   17   18   19   20   21   22   25 ]
jogo 415 = [   1    5    9   10   12   13   14   17   18   19   20   21   22   24   25 ]
jogo 416 = [   1    5    9   10   12   13   15   16   18   19   20   21   22   24   25 ]
jogo 417 = [   1    5    9   10   12   14   15   16   17   19   20   21   22   24   25 ]
jogo 418 = [   1    5    9   10   13   14   15   16   17   18   20   21   22   24   25 ]
jogo 419 = [   1    5    9   12   13   14   15   16   17   18   19   21   22   24   25 ]
jogo 420 = [   1    5   10   12   13   14   15   16   17   18   19   20   22   24   25 ]
jogo 421 = [   1    6    8    9   10   12   13   14   15   16   17   18   19   20   21 ]
jogo 422 = [   1    6    8    9   10   12   13   14   15   16   17   18   19   22   24 ]
jogo 423 = [   1    6    8    9   10   12   13   14   15   16   17   20   21   22   24 ]
jogo 424 = [   1    6    8    9   10   12   13   14   15   18   19   20   21   22   24 ]
jogo 425 = [   1    6    8    9   10   12   13   14   16   17   18   20   22   24   25 ]
jogo 426 = [   1    6    8    9   10   12   13   14   16   17   19   21   22   24   25 ]
jogo 427 = [   1    6    8    9   10   12   13   15   16   17   18   21   22   24   25 ]
jogo 428 = [   1    6    8    9   10   12   13   15   16   17   19   20   22   24   25 ]
jogo 429 = [   1    6    8    9   10   12   13   16   17   18   19   20   21   22   24 ]
jogo 430 = [   1    6    8    9   10   12   14   15   16   18   19   20   22   24   25 ]
jogo 431 = [   1    6    8    9   10   12   14   15   17   18   19   21   22   24   25 ]
jogo 432 = [   1    6    8    9   10   13   14   15   16   18   19   21   22   24   25 ]
jogo 433 = [   1    6    8    9   10   13   14   15   17   18   19   20   22   24   25 ]
jogo 434 = [   1    6    8    9   10   14   15   16   17   18   19   20   21   22   24 ]
jogo 435 = [   1    6    8    9   12   13   14   15   16   18   20   21   22   24   25 ]
jogo 436 = [   1    6    8    9   12   13   14   15   17   19   20   21   22   24   25 ]
jogo 437 = [   1    6    8    9   12   14   16   17   18   19   20   21   22   24   25 ]
jogo 438 = [   1    6    8    9   13   15   16   17   18   19   20   21   22   24   25 ]
jogo 439 = [   1    6    8   10   12   13   14   15   16   19   20   21   22   24   25 ]
jogo 440 = [   1    6    8   10   12   13   14   15   17   18   20   21   22   24   25 ]
jogo 441 = [   1    6    8   10   12   15   16   17   18   19   20   21   22   24   25 ]
jogo 442 = [   1    6    8   10   13   14   16   17   18   19   20   21   22   24   25 ]
jogo 443 = [   1    6    8   12   13   14   15   16   17   18   19   20   21   22   24 ]
jogo 444 = [   1    9   10   12   13   14   15   16   17   18   19   20   21   22   24 ]
jogo 445 = [   2    5    6    8    9   10   12   13   14   16   17   18   22   24   25 ]
jogo 446 = [   2    5    6    8    9   10   12   13   14   16   18   19   20   24   25 ]
jogo 447 = [   2    5    6    8    9   10   12   13   14   17   18   19   20   22   25 ]
jogo 448 = [   2    5    6    8    9   10   12   13   15   16   17   19   22   24   25 ]
jogo 449 = [   2    5    6    8    9   10   12   13   15   16   18   19   20   22   25 ]
jogo 450 = [   2    5    6    8    9   10   12   13   15   17   18   19   20   24   25 ]
jogo 451 = [   2    5    6    8    9   10   12   14   15   16   17   18   20   24   25 ]
jogo 452 = [   2    5    6    8    9   10   12   14   15   16   17   19   20   22   25 ]
jogo 453 = [   2    5    6    8    9   10   12   14   15   16   18   19   22   24   25 ]
jogo 454 = [   2    5    6    8    9   10   13   14   15   16   17   18   20   22   25 ]
jogo 455 = [   2    5    6    8    9   10   13   14   15   16   17   19   20   24   25 ]
jogo 456 = [   2    5    6    8    9   10   13   14   15   17   18   19   22   24   25 ]
jogo 457 = [   2    5    6    8    9   12   13   14   15   16   17   18   19   22   25 ]
jogo 458 = [   2    5    6    8    9   12   13   14   15   16   19   20   22   24   25 ]
jogo 459 = [   2    5    6    8    9   12   13   14   15   17   18   20   22   24   25 ]
jogo 460 = [   2    5    6    8    9   12   15   16   17   18   19   20   22   24   25 ]
jogo 461 = [   2    5    6    8    9   13   14   16   17   18   19   20   22   24   25 ]
jogo 462 = [   2    5    6    8   10   12   13   14   15   16   17   18   19   24   25 ]
jogo 463 = [   2    5    6    8   10   12   13   14   15   16   18   20   22   24   25 ]
jogo 464 = [   2    5    6    8   10   12   13   14   15   17   19   20   22   24   25 ]
jogo 465 = [   2    5    6    8   10   12   14   16   17   18   19   20   22   24   25 ]
jogo 466 = [   2    5    6    8   10   13   15   16   17   18   19   20   22   24   25 ]
jogo 467 = [   2    5    6    9   10   12   13   14   15   16   17   18   19   20   25 ]
jogo 468 = [   2    5    6    9   10   12   13   14   15   16   17   20   22   24   25 ]
jogo 469 = [   2    5    6    9   10   12   13   14   15   18   19   20   22   24   25 ]
jogo 470 = [   2    5    6    9   10   12   13   16   17   18   19   20   22   24   25 ]
jogo 471 = [   2    5    6    9   10   14   15   16   17   18   19   20   22   24   25 ]
jogo 472 = [   2    5    6   12   13   14   15   16   17   18   19   20   22   24   25 ]
jogo 473 = [   2    5    8    9   10   12   13   14   15   16   17   18   19   21   25 ]
jogo 474 = [   2    5    8    9   10   12   13   14   15   16   17   21   22   24   25 ]
jogo 475 = [   2    5    8    9   10   12   13   14   15   16   18   20   21   22   25 ]
jogo 476 = [   2    5    8    9   10   12   13   14   15   16   19   20   21   24   25 ]
jogo 477 = [   2    5    8    9   10   12   13   14   15   17   18   20   21   24   25 ]
jogo 478 = [   2    5    8    9   10   12   13   14   15   17   19   20   21   22   25 ]
jogo 479 = [   2    5    8    9   10   12   13   14   15   18   19   21   22   24   25 ]
jogo 480 = [   2    5    8    9   10   12   13   16   17   18   19   21   22   24   25 ]
jogo 481 = [   2    5    8    9   10   12   14   16   17   18   19   20   21   22   25 ]
jogo 482 = [   2    5    8    9   10   12   15   16   17   18   19   20   21   24   25 ]
jogo 483 = [   2    5    8    9   10   13   14   16   17   18   19   20   21   24   25 ]
jogo 484 = [   2    5    8    9   10   13   15   16   17   18   19   20   21   22   25 ]
jogo 485 = [   2    5    8    9   10   14   15   16   17   18   19   21   22   24   25 ]
jogo 486 = [   2    5    8    9   12   13   14   16   18   19   20   21   22   24   25 ]
jogo 487 = [   2    5    8    9   12   13   15   17   18   19   20   21   22   24   25 ]
jogo 488 = [   2    5    8    9   12   14   15   16   17   18   20   21   22   24   25 ]
jogo 489 = [   2    5    8    9   13   14   15   16   17   19   20   21   22   24   25 ]
jogo 490 = [   2    5    8   10   12   13   14   17   18   19   20   21   22   24   25 ]
jogo 491 = [   2    5    8   10   12   13   15   16   18   19   20   21   22   24   25 ]
jogo 492 = [   2    5    8   10   12   14   15   16   17   19   20   21   22   24   25 ]
jogo 493 = [   2    5    8   10   13   14   15   16   17   18   20   21   22   24   25 ]
jogo 494 = [   2    5    8   12   13   14   15   16   17   18   19   21   22   24   25 ]
jogo 495 = [   2    5    9   10   12   13   14   16   17   18   20   21   22   24   25 ]
jogo 496 = [   2    5    9   10   12   13   15   16   17   19   20   21   22   24   25 ]
jogo 497 = [   2    5    9   10   12   14   15   16   18   19   20   21   22   24   25 ]
jogo 498 = [   2    5    9   10   13   14   15   17   18   19   20   21   22   24   25 ]
jogo 499 = [   2    5    9   12   13   14   15   16   17   18   19   20   21   22   25 ]
jogo 500 = [   2    5   10   12   13   14   15   16   17   18   19   20   21   24   25 ]
jogo 501 = [   2    6    8    9   10   12   13   14   15   16   17   18   19   20   22 ]
jogo 502 = [   2    6    8    9   10   12   13   14   15   16   17   18   19   21   24 ]
jogo 503 = [   2    6    8    9   10   12   13   14   15   16   18   20   21   22   24 ]
jogo 504 = [   2    6    8    9   10   12   13   14   15   17   19   20   21   22   24 ]
jogo 505 = [   2    6    8    9   10   12   13   14   16   17   18   20   21   24   25 ]
jogo 506 = [   2    6    8    9   10   12   13   14   16   18   19   21   22   24   25 ]
jogo 507 = [   2    6    8    9   10   12   13   15   16   17   19   20   21   24   25 ]
jogo 508 = [   2    6    8    9   10   12   13   15   17   18   19   21   22   24   25 ]
jogo 509 = [   2    6    8    9   10   12   14   15   16   17   18   21   22   24   25 ]
jogo 510 = [   2    6    8    9   10   12   14   15   16   18   19   20   21   24   25 ]
jogo 511 = [   2    6    8    9   10   12   14   16   17   18   19   20   21   22   24 ]
jogo 512 = [   2    6    8    9   10   13   14   15   16   17   19   21   22   24   25 ]
jogo 513 = [   2    6    8    9   10   13   14   15   17   18   19   20   21   24   25 ]
jogo 514 = [   2    6    8    9   10   13   15   16   17   18   19   20   21   22   24 ]
jogo 515 = [   2    6    8    9   12   13   14   15   16   17   20   21   22   24   25 ]
jogo 516 = [   2    6    8    9   12   13   14   15   18   19   20   21   22   24   25 ]
jogo 517 = [   2    6    8    9   12   13   16   17   18   19   20   21   22   24   25 ]
jogo 518 = [   2    6    8    9   14   15   16   17   18   19   20   21   22   24   25 ]
jogo 519 = [   2    6    9   10   12   13   14   15   16   19   20   21   22   24   25 ]
jogo 520 = [   2    6    9   10   12   13   14   15   17   18   20   21   22   24   25 ]
jogo 521 = [   2    6    9   10   12   15   16   17   18   19   20   21   22   24   25 ]
jogo 522 = [   2    6    9   10   13   14   16   17   18   19   20   21   22   24   25 ]
jogo 523 = [   2    6    9   12   13   14   15   16   17   18   19   20   21   22   24 ]
jogo 524 = [   2    8   10   12   13   14   15   16   17   18   19   20   21   22   24 ]
jogo 525 = [   5    6    8    9   10   12   13   14   15   16   17   18   19   20   24 ]
jogo 526 = [   5    6    8    9   10   12   13   14   15   16   17   18   19   21   22 ]
jogo 527 = [   5    6    8    9   10   12   13   14   15   16   19   20   21   22   24 ]
jogo 528 = [   5    6    8    9   10   12   13   14   15   17   18   20   21   22   24 ]
jogo 529 = [   5    6    8    9   10   12   13   14   16   17   18   20   21   22   25 ]
jogo 530 = [   5    6    8    9   10   12   13   14   17   18   19   21   22   24   25 ]
jogo 531 = [   5    6    8    9   10   12   13   15   16   17   19   20   21   22   25 ]
jogo 532 = [   5    6    8    9   10   12   13   15   16   18   19   21   22   24   25 ]
jogo 533 = [   5    6    8    9   10   12   14   15   16   17   19   21   22   24   25 ]
jogo 534 = [   5    6    8    9   10   12   14   15   16   18   19   20   21   22   25 ]
jogo 535 = [   5    6    8    9   10   12   15   16   17   18   19   20   21   22   24 ]
jogo 536 = [   5    6    8    9   10   13   14   15   16   17   18   21   22   24   25 ]
jogo 537 = [   5    6    8    9   10   13   14   15   17   18   19   20   21   22   25 ]
jogo 538 = [   5    6    8    9   10   13   14   16   17   18   19   20   21   22   24 ]
jogo 539 = [   5    6    8   10   12   13   14   15   16   17   20   21   22   24   25 ]
jogo 540 = [   5    6    8   10   12   13   14   15   18   19   20   21   22   24   25 ]
jogo 541 = [   5    6    8   10   12   13   16   17   18   19   20   21   22   24   25 ]
jogo 542 = [   5    6    8   10   14   15   16   17   18   19   20   21   22   24   25 ]
jogo 543 = [   5    6    9   10   12   13   14   15   16   18   20   21   22   24   25 ]
jogo 544 = [   5    6    9   10   12   13   14   15   17   19   20   21   22   24   25 ]
jogo 545 = [   5    6    9   10   12   14   16   17   18   19   20   21   22   24   25 ]
jogo 546 = [   5    6    9   10   13   15   16   17   18   19   20   21   22   24   25 ]
jogo 547 = [   5    6   10   12   13   14   15   16   17   18   19   20   21   22   24 ]
jogo 548 = [   5    8    9   12   13   14   15   16   17   18   19   20   21   22   24 ]
jogo 549 = [   6    8    9   12   13   14   15   16   17   18   19   20   21   22   25 ]
jogo 550 = [   6    8   10   12   13   14   15   16   17   18   19   20   21   24   25 ]
jogo 551 = [   6    9   10   12   13   14   15   16   17   18   19   20   22   24   25 ]
jogo 552 = [   8    9   10   12   13   14   15   16   17   18   19   21   22   24   25 ]
